9.342681 605.99054 10.235069 732.9562 0.89238834
61.75457 491.00644 68.423874 745.2512 6.669304
108.217674 81.56592 198.61414 366.26486 90.39646
120.791985 598.00616 125.2764 749.0809 4.484413
173.61104 485.0119 181.3828 739.17175 7.771759
232.60847 591.01483 237.84554 729.1954 5.2370605
285.92566 478.00226 293.2001 718.17566 7.2744446
285.99997 81.999985 283.00003 85.000015 -2.999939
288.77484 407.0058 280.37955 81.17058 -8.395294
345.05487 584.998 353.0 710.0 7.9451294
346.514 296.96478 348.97885 402.9307 2.4648438
390.8045 108.16966 406.98547 699.0552 16.18097
396.0 108.99999 394.0 111.00001 -2.0
470.12512 469.99606 476.8963 685.0977 6.771179
481.51825 0.99722004 481.73795 120.989494 0.21969604
544.29395 464.9919 549.9958 672.0552 5.7018433
537.4954 392.71368 573.7806 152.95859 36.285156
578.0 153.99998 575.0 157.00002 -3.0
608.55115 281.9818 612.0176 387.09836 3.4664307
612.5385 459.0155 623.0 660.0 10.461487
673.2537 178.17259 685.22565 646.1477 11.971924
679.0 178.99998 677.0 181.00002 -2.0
747.18207 451.9937 753.47766 634.12177 6.2955933
814.8169 448.00577 820.2526 620.18146 5.43573
883.25696 443.9933 887.54254 607.98584 4.2855835
1072.804 275.88553 970.16425 600.8941 -102.63971
182.488 54.41575 1072.9432 265.77332 890.4552
674.04095 276.8584 577.02313 281.48547 -97.01782
510.0 285.0 291.0162 297.38165 -218.9838
168.0 305.0 1.0309805 314.55356 -166.96902
193.10056 365.2817 236.31027 411.69244 43.209717
673.01575 384.61273 403.00894 399.16763 -270.0068
345.03598 403.79666 239.01231 409.31784 -106.02367
19.053959 422.13358 40.006485 421.13623 20.952526
979.0358 435.36902 0.0 493.06586 -979.0358
371.0 581.0 0.89446574 603.5749 -370.10553
543.0132 594.5887 476.97913 596.06824 -66.03406
959.97955 597.88727 123.00124 749.9865 -836.97833
9.06731 725.0717 1.3208234 732.34186 -7.7464867
4.8205466 734.7882 63.629696 740.68994 58.80915
